31359
2403
2509
44294
349152
2519432
49278
751
2369
1721
1762
50
1226
1060
3150
2966
242045
1158
77829
60603
104218
54684
68878
353
513
393
503
10487
1698
189
1698
121
211
378
1011
939
4368
1020
1501
946
650
132
163
152
202
32473
611
51300
3793
4171
1572
5645
22741
7934
5303
1098
1122
11842
2032
138
376
206
336
474
287
25271
6887
3174
66
83
186
2684
2865
23551
3714
3298
6998
7019
17899
6664
9916
7151
9460
16834
10905
16603
10004
542
2233
5840
750
2887
1109
244
244
1120
1627
1559
177
102644
2111
563
410
982
26100
1737
362176
1505962
1642757
1038381
1003586
1085889
1677628
684204
1358333
1242747
718853
640706
1199933
984904
834087
1570739
974668
1994106
1037520
3717254
335816
1093127
939436
1025760
879486
985435
934474
1257226
779168
857813
1053528
929508
657699
849042
684058
989408
684493
829847
816019
823351
943899
1104357
908630
873670
637673
1114678
776666
1018689
801301
1100096
889975
687720
831248
1274925
1064796
800334
1493309
950721
1182005
1242469
1128834
1189744
1289941
1178777
1169370
1003697
969544
1010746
1081086
986092
990669
994287
1059883
875060
980773
994833
1077641
951311
987161
953040
908777
1014025
936259
887715
800183
773920
805406
1236580
1317062
1263909
1004637
1403275
1132086
388692
413902
443581
445437
491043
188606
627785
659657
5853542
5757721
6123522
5183958
6040082
5895205
5844687
5498440
5863092
5789995
5856181
5856153
5936556
5924429
5874621
4806249
4635504
5797618
5604873
6575057
6435881
6326941
6395577
6443206
6242342
5554913
5759433
5651973
5914858
5873812
6337539
6289590
6283565
5950663
6071629
6042906
6073463
5901719
6146851
6141605
6068747
6177808
5889143
5912154
6408675
6396660
5423211
5780748
5678749
5338400
5664339
5915883
3285996
5776905
5826188
5911081
5877790
5698056
5672561
5704181
5326782
5127780
6515241
6532343
6363798
6411687
6217524
6083672
5293182
5336226
5506295
5951532
5675112
5225999
5634346
6249556
6203924
6294876
6379282
6072903
6047017
5898168
5207613
5933457
6487149
6413361
6125842
5048694
6269124
6381883
5852512
6274115
6065926
6284988
6250934
6176290
6035348
5432354
6334265
6353433
5927443
5429652
5286190
5068041
5521847
5530949
5711784
5465002
6158981
5693177
5471492
5629792
5492544
6079432
6028563
5797085
6165401
6521273
5729560
5768884
5331041
5458143
5916647
4032304
3606158
3724928
3897112
3128625
3019897
4957825
5964726
5960414
5944378
5991777
6138347
6429423
5777485
5185866
5129494
5244298
6139277
6112076
6130952
6039992
6294689
6052496
5954012
5565830
6375016
6381821
6622395
6343029
6466472
6567742
5606474
6328592
6590816
4635907
4910255
5927138
5033503
4956739
5177090
6113687
5782002
5989078
5873216
6412207
6521498
6329295
4708126
4698539
6032942
5634173
6033743
5594430
5666938
6235886
6062608
5467502
5785723
5430733
6517547
6495445
6436088
6322630
6517202
6390090
6555229
6807893
6799401
6256713
6253498
6353719
4957231
6181516
6324370
5033445
4919694
5792725
6333238
6303293
6290102
6375292
6348994
6339985
6449892
6433836
6424327
6252993
6165692
6247600
6796487
6824081
6660325
4264664
5926530
5400625
5307133
5971541
5749673
6887803
6062550
5930412
5896908
5935769
5817521
6196024
5044359
6687932
6392681
6106675
6582585
6324125
6064332
6596926
6314214
6556748
5259030
5452480
5703732
5605661
5641696
5931268
6096111
5939283
5995733
5908253
5956720
5962771
5985085
5978504
6233518
6161765
6227291
6293133
6398744
6470240
6843192
6249888
6230496
6254375
6581865
6511920
6536516
6551451
6371651
6351394
6340613
6322876
6307162
6327573
5025149
5105677
6657293
4939133
6751758
6155461
6205765
6065616
6366809
6558030
6512644
6528459
6519608
6521196
6512886
6484007
6516739
6429067
6371362
6426348
6425853
6701687
6594802
6505746
6364168
6467570
6459481
6317744
6266146
6363238
6297960
6252460
6081581
6849556
6903221
6853964
6751807
6752589
6741844
6784201
6637878
6305398
6144203
5937307
5881065
5869076
5800638
6704717
6631545
6871894
6828179
6862001
6814575
6744451
6125648
5814070
5467782
5372669
5351285
5402425
5439291
5558625
5522433
5405777
5498893
6617821
6533986
6426006
6286571
6291379
6368735
6364506
6344240
6404059
6214477
6357905
6339839
6375303
6449085
6115580
6272809
6156659
6274812
6428293
6145919
6182628
6004452
5836073
5982962
6220811
6309605
6286077
6338940
5819168
5844135
5914651
5891981
5947425
5978096
5814977
5963001
6119492
6189708
5292294
5544906
6006191
6593395
6731355
6583192
6683762
6794602
6843174
6733601
6727461
6398156
6455769
6536322
6469319
6380745
6155179
6275353
6527195
6566900
6678349
5855703
5930020
6028632
5920312
5937243
5885988
5801496
6030644
5815315
5778192
5738694
5650025
5331975
5260915
5478782
5525909
5662880
5751206
5655416
5728128
5649941
5705345
5799737
5727366
5905119
6000477
5485474
5481965
4325355
4348529
4514428
6068139
5831672
5554308
5765409
5761356
5711259
5100838
5124301
5101335
4527032
4427001
4003034
4177058
4189315
4201001
5207618
5343440
5357997
5906587
5922500
6032005
6095732
5872478
5275491
5397678
5405800
5850854
6647733
5587319
6484846
4915568
5957374
6022109
5856150
6195986
6306968
6189021
6516612
6045906
6254124
5329672
5510165
5801581
6268647
6528571
6560985
6268643
6330788
5103210
5912585
6530481
6500071
6458762
5852323
5969901
5834460
6327777
6071015
5949946
6387728
5970976
6448454
6623628
6230479
6061442
6425028
6470178
5801912
6421892
6342418
6375450
6134918
5916481
5846542
5887729
5871665
5807245
5896405
6237432
6565922
4773139
4797404
4846964
4788319
4727475
5585604
5894065
5951142
6115359
6030557
5925029
5858999
6447164
6839580
6162781
6362385
6127190
6118141
6147493
6090936
6188523
6376981
6343328
6233163
6282748
6369924
6108541
5947698
6025420
6487383
6743523
6871046
6904207
6884269
6857552
6907947
6868498
6217159
6652974
6553161
6692225
6594250
6374964
6366526
6400977
6346718
5958230
6202537
6640303
6750546
6621801
5804604
5823250
5723994
5863406
5945330
5958664
5998725
5450868
5400068
5892578
6238370
5962675
5984981
5974779
6419957
6455813
6239054
6538466
6759830
6548715
5574297
5348435
5598469
5163487
5954841
5759091
5778237
5624332
5856855
5895701
5711611
5176563
5433666
5873421
6162492
5834088
5910721
5952366
5941230
5694432
5778661
5887003
6032381
6419700
6696512
6183996
6362589
6586815
5918066
5869527
5863635
5681551
5795654
5852432
5177147
5614225
6481417
6360179
6265631
6528310
6481612
6363068
6390913
6430417
5992227
5763696
5111545
4895424
4818595
5916852
5753581
5903681
5681958
5713359
5541243
5261430
5301344
5603205
5783543
5898794
6012609
5582570
6096609
5242129
5008422
5756039
6251059
6017347
6445253
6357474
6402547
6594958
4903781
5510603
6028994
5848988
5890253
5830842
5884946
5715246
5606721
5858433
5904412
6301350
6262002
6139942
6874293
6092655
5577933
5706863
6158279
6338870
6060698
5848425
6199106
6266197
6197076
5602931
5351527
6593049
6460036
6881674
6471789
6577808
6264746
6375721
6391151
6058710
6155062
6066395
5987112
5981166
5949057
5773356
5980491
5898801
5702394
5792431
6137102
5658346
5557834
5585773
6180681
6224781
6949379
5508692
5052983
6239392
6282563
5745477
6128706
6125639
6299011
5700286
6549316
6304398
4992827
6747146
6973675
5058304
4865169
6197298
7047510
5122531
5545084
4854529
4519982
4586461
5032737
6395577
5759433
5914858
5873812
5950663
6071629
6073463
5901719
6146851
5780748
6083672
5675112
6249556
6487149
6125842
6274115
6165401
6130952
6052496
5954012
5565830
6375016
6181516
6324370
6751807
6182628
6727461
5728128
6068139
5554308
5765409
5957374
6195986
6268643
6327777
6447164
5823250
6548715
6419700
5614225
5890253
5715246
6266197
6224781
5508692
5986921
6287039
6168656
5311868
5003018
5751337
5690017
5760982
5731885
5598514
5809028
5726792
5743008
5720034
5614193
5971431
5373007
5387234
5065418
5895249
5505992
5516002
5298365
5506349
5407852
5475822
5143996
5040393
5126491
7194954
7163139
6970953
7242756
6559943
6580071
7270086
7156805
7270386
7198529
7201986
7246896
7231298
7198729
6624724
7378910
7172414
6744548
6893628
6873952
7361140
6549614
7353754
7230494
7280597
7358838
7357400
7118482
7271012
7264066
7232593
7373926
7263296
7262793
7304244
6642699
6637859
7358603
6771983
7209428
7201411
6548680
7248368
7352598
7192548
7372982
7208658
6447967
7101052
6658726
6672942
7356355
7357233
7248926
7233840
7221756
7226788
7364470
7221143
7251560
7268538
7224044
7262888
7351083
7252612
7241568
7290852
7338002
7342409
7388756
7276445
7258787
7244418
6886111
7024038
6993686
7093661
7213637
7173210
7143835
7066056
6814120
7117764
7135298
7226451
6981228
7101187
6413071
6724293
6828006
6870312
6603783
6899139
6750827
7220970
7175164
7309293
7031588
7100404
7034805
6992500
6657321
6849417
6596849
7236899
6991537
6961779
6961489
6870954
6992187
6872276
3084927
3051839
3031220
2972356
2995426
2965493
3090836
2990528
2971300
3000548
2989672
2981526
2958850
2970960
2960071
2966477
