6214627
6966231
7117014
6733863
6680229
6935982
5623793
6609617
6427078
6928330
6071715
6943111
7103730
6850431
6403167
6400266
6206135
6363865
7193680
7007279
7433581
6974381
6549156
6379095
7025916
6922978
6698390
7278047
7128050
7277762
6962334
7047407
7091390
6679016
7654141
7198064
7767370
7644952
6087428
6827295
6986033
7142740
6387705
7026506
7123282
6958308
6969926
6998328
6833349
6975048
7017486
6910329
6838005
7589390
6906335
7010749
7101408
6633624
7197905
6984808
7119133
7075839
7230432
7246676
7125555
7287908
7064902
6082998
6397705
6788203
6582476
7122209
6952962
6897450
7506907
7019166
6975374
6784230
6876388
6296251
6077295
6558924
7110182
6081852
6518274
6619117
6829632
7043813
6981611
6753695
7114376
7321548
7756928
7005110
6677119
6281011
6185691
6968380
6379234
6979480
6351373
6164295
6279152
6075201
7118637
6916056
7114554
6812059
7344603
6200463
5930923
6214627
5981164
5754449
5734195
6579817
6966231
6548708
6117898
7047489
7071506
6793266
6701660
6347845
6793761
7117014
7092006
6879587
6958843
6514821
6724643
6846197
6613961
6650104
6681807
6780444
6748364
6928266
6417923
6328187
6494337
6678337
6704864
6660129
6189038
6403152
6629749
6732769
6759893
6660364
6733863
6878149
6999911
6666524
6843101
6680229
6764599
6976861
6600227
6373379
6789141
6927421
6778670
7039597
6993424
7066611
6987862
7160768
6517763
6689269
6935982
6892066
7091332
7258168
6619470
6664143
6659147
6867729
6757894
6550389
6911220
6863361
7259824
7200963
7114925
7456225
7570549
7654488
7526424
7449041
6908528
7143645
7305081
7217992
6848876
6652311
6847682
7012481
7289035
7332960
7221680
6956572
7258072
7067474
7464268
7197201
7178690
7011045
6807428
7053586
6088435
7136287
5623793
5906251
5678270
5676145
6393610
6313628
6092546
6036413
6251292
6760736
6310356
5871842
6483853
6412121
6184686
6994671
5930860
6031053
6579424
6609617
6344968
6377341
6309509
6102414
6697220
6516373
6427078
6438338
5376676
6373255
5802114
6052114
5863319
6511778
6581439
6468766
5940881
6300922
6711668
6541419
6969500
6928330
6413208
6867497
6953283
6568152
6603033
6465953
6668475
6672490
6638565
6616899
6423143
6190928
6098397
5955582
5644427
5979936
6256061
6064721
6114738
6690588
6328048
6515348
6071715
6159443
6462916
6311690
6304546
6730199
6230951
7074482
7043029
7176087
6884155
6943111
6695169
7103730
6940869
6850431
6931728
6604024
6787206
6818618
6992899
6910480
6537307
6432678
6819279
6807629
6694506
6927037
6883606
7183397
7206522
7120870
6988720
6347437
6056275
7173354
6304094
6100667
6087483
6403167
6531025
6400266
6553825
6688004
6106501
6382082
6595792
6104608
6901076
6706444
6563770
6129610
6245380
6206135
6234926
6408718
5714125
5729195
6617191
6698252
6363865
7193680
7007279
6149767
7433581
6974381
6753200
6908535
6701295
6646777
7138281
7122623
6822811
6897487
6634054
5462059
6884009
6967877
6562414
7002556
6220682
6583943
6698122
6045748
6791395
6959873
7035274
6656645
6647078
6719236
6762746
6390067
6498262
6204539
6516845
6685201
6549156
5424118
6647684
6098266
6488348
6732040
6771618
6377577
6679406
6820689
6822690
6856787
6071296
6175794
6818876
7066356
6870167
7315954
6379095
6829094
6314322
6227327
6997841
7025916
7163395
7049760
6964631
7049996
6980165
7289028
7101621
6926851
7009395
7000842
6975064
7094166
6572081
6835142
6863199
6864206
6853121
6596685
6211068
6922978
6849904
6900042
7139363
6954163
6799829
6805339
6346575
7130928
7133330
7063409
6609276
6856443
6698390
7154914
7278047
7072502
6947551
6712875
6660662
5239743
6314949
7124369
6693268
6711840
5892648
6632466
6400608
5651586
6108783
7013399
6114911
7122004
7128050
7277762
7270683
6642488
6778152
6807086
6879128
6933603
6775475
6063793
5782756
6319254
6293756
6308387
6319966
6962334
7047407
7067837
7091390
6679016
6301363
6558648
6011882
6304467
6755933
6083111
6491369
6884340
6435900
6629360
7428441
6791437
6675651
6935176
7384598
7020570
7278515
6851851
6659712
6845299
7224473
7204396
7654141
7615403
7637930
7284264
7256450
7198064
7413578
7663206
7606008
7477407
6970847
7297430
7291906
7767370
7737841
7255153
7550648
7199566
6825717
7298975
7152803
7425224
7644952
7504887
7701836
7403308
7263456
7078469
7167260
6872692
6683890
7121339
7181447
7046984
7149634
6848718
6149107
6087428
6556502
7114590
6419390
6213144
6827295
6656402
6870753
6986033
6466738
6503327
6863133
7142740
7217420
7410951
6878861
7064001
6619767
6490738
6964299
6589439
6387705
7026506
7022794
7123282
6960650
7228987
7066460
7095356
7134885
7086496
7010288
6208846
7125660
7020074
6323374
6759131
6450451
7117915
7203007
7276724
7320450
6958308
6989023
6969926
6801450
6998328
6833349
6789679
6755275
6715242
6898446
6910837
6975048
6908159
6933963
6983832
6976557
7017486
6910329
6838005
6906142
6892017
7410181
7470929
7589390
7436099
7320029
7369358
6966099
7090234
6937863
6916922
6824073
7155850
6973240
7081400
7141019
6666458
6992268
6906335
6757264
7165755
6641514
6851548
6581865
6582428
6603152
6565100
6628161
6953945
6679448
6964849
6591750
6671662
6849322
6951229
7104971
7086538
6953343
7010749
6916179
6579129
6473145
7237806
7144216
6620403
6790053
6998313
6875108
6722596
7193301
7101408
7257831
7127124
7072791
7302592
7052842
6830318
6669329
6633624
6634577
6634703
6028755
6441919
6245051
6276777
6406496
6250260
6200195
7001095
6208676
6871492
5965683
6879380
6628301
6597936
7137288
6878843
6806178
6763035
6489133
6362011
6105346
6910396
6627221
6521185
6810756
6827240
6836677
7197905
7151680
6920476
6973707
6945272
6598209
6947000
7124727
6825326
6276313
6050696
6763200
6984808
7008768
7048301
7119133
6014522
6434193
6570255
6496678
6716070
6724312
6736471
6689626
6494486
6511173
6494405
6710474
6660501
6616703
6824939
6560937
6734884
6589571
6865925
6888359
6827798
7059410
6769668
6730386
6972395
6967644
6640094
6946245
6839696
7087105
7089331
6998042
7113613
7238334
7128486
7199602
6832303
7143354
6843870
6892847
6901160
7156935
6898287
7184012
7067883
6919529
6938704
7075839
7230432
7328213
6930952
7028676
6959064
7304934
7155810
7183731
7225896
7246676
7125555
7168221
7360648
7249166
7201655
7449302
7287908
7182773
7223693
7008916
7606177
7414303
7452266
7666276
7753898
6644877
5792364
6257705
6665758
6674067
6350920
6574510
6826019
6646895
7123888
7099600
6955688
6772620
6411270
6530996
6932858
6673536
6470008
7013206
6759408
6935791
7064902
6670897
6325756
6668023
6082998
6890764
6963778
6850634
6261389
7127849
7032691
6826816
6876468
6513315
6572132
6617765
6606065
6681050
5963312
6334604
6397705
6968592
6916110
7061985
6197621
6744132
7060895
6905856
6970414
6556692
5941042
7342444
7115541
7149225
6911942
7109630
6482493
6525372
6918087
6369145
6755909
7153176
7141490
6788203
6261611
5939539
6645028
7032475
6834297
6657482
6582476
6741311
6520765
6692849
6998998
6795459
7137363
7211011
7550121
7017606
6750359
6680999
7073307
6503636
7264567
7091768
7014815
7276702
6833827
6332774
6812309
6687888
6356910
6524645
6844287
6788477
7122209
7046603
6892956
6793310
6667398
6387794
6952962
6897450
6135381
6570366
6062116
6399861
7202384
7506907
7453010
6884432
7246752
7590480
7527044
7019166
6506755
6654127
6585942
6625758
6756991
6627975
6802169
6975374
6805491
6827080
7202138
7290067
6750942
6573463
7101095
6784230
6540545
6521610
6903902
6777695
6724662
6906997
6603364
6820355
6876388
6642907
6929774
6114104
6692180
6588502
7064775
6296251
5579553
6551726
6077295
6488734
6558924
6436903
6642279
6612486
7110182
6895324
7098119
7118924
6349829
6081852
6518274
6459251
6685229
6349984
6734179
6548533
6619117
5777461
7022428
7046071
6829632
6557184
6538356
6197919
6861951
6839870
6866618
6688409
7043813
7145763
7008539
6433865
6981611
6290034
5488985
5622047
5314247
5174318
5118076
5127817
6068974
6116918
6154920
6307444
6426873
6570536
6767689
6851916
6993860
6784989
6240472
6337896
6229939
6097294
6087887
5851913
6405656
6753695
6804607
6918958
6818846
6728665
6598422
6497391
6514129
6360562
7114376
7003504
7167837
7249786
7377764
7321548
6982034
7057249
6785740
7471544
7604316
7683667
7661144
7685341
7726148
7756928
7593396
7805410
7601167
6820240
7035178
7265902
7004636
6751395
6824916
6638387
6735144
7005110
6917957
6677119
6281011
6185691
6132898
6904244
6713333
7042156
6937991
7395962
6968380
7001065
7217665
6938762
6379234
6979480
7064219
6360318
6376227
6670515
6351373
6164295
6279152
6075201
6257456
6407033
6461368
6477707
6632681
5989428
5906809
6850467
6532853
7078441
6285549
6740155
7072073
7004499
7102177
6810778
6894474
6860817
6819327
6796769
6796251
7118637
7036217
6916056
6889789
7000353
7067327
7043110
7141630
7114554
7088083
6589235
7253355
7232182
7125957
6411187
6812059
6791819
6789131
6830826
7102216
7362775
7502269
7223204
7344603
7396807
7319983
6156052
