3087529
3178253
3219909
3064654
3095694
3085646
3025078
3181313
3161364
3156672
3074582
3135570
3163314
2851750
3659000
2885363
3386938
3663752
3110325
3181728
3616864
3447075
3090176
3063374
2646675
2292593
3603760
3163456
3727048
3463273
3201800
2372332
3151200
2969744
2217467
3128562
3396747
3074589
3314256
3170464
3483985
3091400
3432603
3112888
3182374
3627501
3686476
3104604
3120933
3077111
3084146
2841915
3526881
3152405
2348824
2228631
2029428
3031989
3092265
2321705
2515431
3591532
3213822
2464543
3018860
3566465
3240028
3192652
3121790
3656704
3431115
3134259
3655928
3121521
2572933
2764079
2518049
1942271
2163482
3265890
3222525
3005022
3161011
2077024
2855932
3170936
3201367
3110602
3123172
3178217
3124801
3104083
3161276
3072300
3113781
3111259
3451940
3112798
3161272
3103345
3186722
3138361
3121055
3120074
3123784
3115103
3608493
3130578
3092310
3113652
3376496
2867213
3386820
2351221
2863508
2418375
1944495
2187390
3155580
3161021
3105266
3144110
3562588
3649680
3094338
2984859
2638423
3130634
3455462
3162127
3118527
3144574
3382636
3417396
3267090
3477591
3168874
3163124
3142048
3665453
3601792
3686000
3156855
3241333
3135498
2609467
2677244
1814739
3642741
2861072
3712537
3136939
3046398
1918030
3236731
3174844
3212370
2523430
3193770
3560314
3234481
3712978
3673843
3196209
3198088
3302181
3426724
3386477
3246299
2592564
3606440
3199040
3201566
3169110
3014192
3363663
3275190
3182203
3260188
3224669
3546689
3237017
3217625
3176879
3366912
2957795
2991719
3386369
3177899
3179347
3392768
3206705
3542896
3643495
3483778
3587403
3001199
3247499
3047456
3158840
2585681
3561315
3303356
3136947
2841917
2780733
3617956
3300912
3639113
3379748
3118207
3126847
3177925
3132485
3363326
3297003
3255121
3192199
3186871
3210200
3133143
3157209
3160453
3659507
3355258
3459294
3404205
3484297
3270659
3425539
3567211
3712563
3638897
3542320
3574828
3556520
3437389
3623656
3352939
3202412
3639768
3434940
3387094
2780267
3622289
3095193
3406445
3717922
2419163
2947505
3182451
3097545
3662820
3194072
3401183
3551261
3134360
3120808
3118494
3137768
3219856
3469585
2753058
3174209
3712901
3196543
3453148
3234600
3228028
3193429
3205287
3200734
3214597
3212329
3196217
3171793
3211350
3145633
3166809
3707933
3704799
3228272
3390392
3529012
3438871
3377437
3397580
2958357
